496.91
506.19
503.6
501.59
498.6
501.87
516.77
500.18
498.79
489.35
494.11
503.86
496.72
497.75
493.8
501.78
501.37
496.54
508.1
504.63
495.11
498.5
503.55
506.36
503.19
503.17
507.57
507.38
499.33
498.36
496.98
500.79
500.22
497.71
501.51
506.96
491.27
501.05
505.17
500.64
505.81
490.56
497.21
499.81
503.81
503.18
500.52
493.8
515.35
504.23
498.2
502.23
498.55
499.67
489.85
488.38
490.17
506.58
492.49
503.61
497.35
500.02
499.26
502.18
504.8
490.73
502.12
497.4
508
496.99
497.09
507.1
493.64
502.87
505.85
495.21
504.44
502.87
501.52
502.14
496.83
499.38
495.43
500.67
501.77
500.13
497.92
497.95
499.4
497.74
498.79
498.47
494.97
499.4
508.28
493.84
502.18
495.56
490.48
512.91
499.76
494.75
501.28
502.02
496.53
491.14
500.86
504.35
496.91
498.56
492.73
496.48
506.23
506.42
502.47
494.52
498.45
498.13
501.37
502.88
502.82
503.21
503.36
498.91
496.92
499.1
503.08
500.84
500.11
502.03
499.52
500.38
505.36
495.16
512.28
496.97
503.4
502.18
508.22
499.67
502.11
499.25
505.94
501.33
499.13
502.5
502.68
499.84
497.22
506.87
502.93
497.17
502.91
495.33
493.71
507.5
504.18
502.05
505.65
500.93
496.57
499.12
492.98
491.02
494.71
494.41
500.69
495.75
504.03
507.33
502.4
500.49
501.71
504.7
495.66
501.56
499.49
502.83
499.57
487.63
503.81
503.52
500.29
492.62
498.66
498.92
489.61
507.21
503.89
499.49
497.48
493.89
495.51
503.23
500.31
501.71
496.59
503.5
490.91
490.48
502.28
499.82
500.23
495.1
500.45
505.03
490.46
497.11
502.28
499.63
491.87
496.07
506.28
493.99
508.59
504
502.96
496.98
496.48
495.84
503.54
503.95
502.75
502.73
501.28
508.68
499.38
501.83
511.83
494.66
503.2
489.81
500.16
502.62
487.98
499.07
502.51
501.69
502.49
496.6
502.68
504.87
494.99
500.36
492.38
498.84
496.45
496.93
496.58
502.71
501.74
496.84
496.98
501.68
501.59
506.62
503.28
489.19
497.93
505.36
505.73
493.84
502.8
497.43
505.57
496.87
503.26
502.76
498.49
500.47
496.61
501.92
502.15
505.87
507.26
503.71
503.69
500.16
502.26
502.43
507.82
497.9
497.12
503.4
490.67
506.75
503.22
500.08
498.93
503.79
499.54
488.82
501.57
502.57
493.57
491.61
492.26
491.04
496.87
508.26
495.83
499.69
501.3
505.28
495.79
503.02
503.53
506.52
500.04
501.3
496.85
489.46
497.99
498.71
498.06
492.34
502.12
502.17
501.4
495.34
497.22
502.14
505.07
505.11
492.83
501.67
495.77
498.93
499.54
497.68
496.57
506.14
492.39
500.86
497.24
493.26
504.55
501.58
495.33
489.38
502.1
497.48
508.05
508.45
497.27
504.84
494.02
499.62
502.78
505.8
502.25
489.87
508.78
491.59
505.48
501.42
499.22
500.61
502.23
501.04
494.69
504.48
501.06
503.43
502.44
502.49
503.21
499.2
494.05
489.23
498.89
503.78
500.75
496.25
496.85
501.39
495.28
505.21
499.69
497.94
489.29
495.85
501.57
495.74
505.96
500.26
504.8
499.43
508.35
499.17
501.98
496.4
496.19
505.23
498.54
512.06
504.35
501.32
500.19
503.53
504.77
499.15
500.21
492.85
496.05
495.5
491.74
504.7
503.52
500.8
501.85
506.28
497.76
502.18
500.37
503.75
500.1
503.99
506.92
504.94
492.28
505.36
495.55
509.02
501.21
507.88
513.9
503.4
500.95
487.85
492.76
497.85
501.73
494.89
500.57
495.23
515.86
497.55
504.6
508.62
495.53
501.11
493.47
496.57
501.69
491.43
497.07
489.84
506.67
502.53
508.96
502.82
497.58
499.54
506.13
498.28
501.14
495.08
504.79
504.37
500.99
503.29
507.98
504.4
499.1
504.03
495.01
501.77
501.14
500.4
504.14
500.78
499.52
499.03
502.7
495.03
505.83
500.36
493.03
493.78
493.38
501.89
502.23
503.68
500.68
506.44
505.22
499.05
494.2
502.42
496.5
497.56
499.67
502.61
503.92
497.72
498.52
502.34
504.07
503.43
500.94
495.07
497.22
500.76
497.84
503.56
506.82
496.81
497.11
499.7
494.99
502.82
491.21
499.17
501.08
499.9
503.52
503.28
495.28
507.65
496.45
499
495.47
495.04
507.95
497.26
505.97
508.28
494.93
499.18
503.11
498.72
502.16
501.61
497.74
504.25
506.86
497.51
503.54
498.54
506.82
496.14
500.48
504.63
513.72
498.58
510.79
502.09
494.79
488.87
499.38
496.82
503.51
497.15
502.62
503.98
503.84
509.5
500.17
498.94
488.11
508.96
500.7
495.75
501.25
504.57
498.35
508.78
498.17
505.81
505.19
504.32
496.9
502.26
506.85
496.79
497.9
501.62
496.46
507.66
502.91
508.3
509.97
507.55
496.98
495.49
496.34
496.71
497.09
494.38
506.98
498.88
494.38
505.19
495.23
501.61
504.79
506.45
502.33
501.58
503.59
500.44
503.88
501.74
500.18
505.04
498.43
503.14
498.34
493.12
511.9
500.6
500.4
500.84
502.96
499.64
500.79
498.42
497.03
494.32
503.35
505.96
501.89
501.83
498.32
489.9
493.77
503.95
490.37
503.21
497.86
500.85
503.25
499.32
498.43
494.97
499.97
503.99
506.23
503.45
498.52
499.97
501.5
501.51
504.38
502.17
506
503.19
496.71
499.84
499.14
495.5
494.17
498.04
500.37
490.19
503.22
494.77
504.71
505.09
500.5
500.77
505.58
496.51
496.22
505.44
506.69
499.81
507.59
495.71
504.96
506.45
495.72
497.22
498.74
503.56
507.71
496.22
501.24
499.67
499.9
498.43
501.81
500.1
494.94
502.16
501.33
505.22
500.7
505.57
501.42
497.17
502.71
497.01
495.78
502.2
503.27
505.09
497.85
494.29
502.94
497.42
499.64
490.03
504.52
504.19
500.68
500.36
503.97
504.7
497.96
499.08
504.81
496.46
499.15
497.79
494.48
490.71
496.51
498.33
508.45
499.78
493.74
502.53
502.43
506.47
503.05
498.37
505.91
505.65
501.13
496.52
496.6
502.91
506.33
490.37
495.17
502.07
500.63
505.64
497.56
499.9
498.54
505.38
492.72
506.4
496.26
500.07
491.31
487.46
500.89
505.16
504.96
502.18
500.51
501.02
501.24
500.83
503.56
497.29
499.14
503.41
495.92
493.49
501.21
494.97
499.47
497.85
492.55
504.7
498.3
496.8
504.03
497.23
503.18
500.57
500.94
498.6
492.13
493.41
494.83
498.75
507.73
503.49
497.55
502.45
494.96
500.57
496.84
498.39
491.68
503.03
501.61
506.66
508.6
500.15
502.51
499.64
507.58
503.66
495.63
501.49
503.42
497.35
498.42
497.75
496.62
497.6
489.25
509.4
504.59
500.29
494.97
506.22
498.5
493.06
502.04
507.86
498.99
500.05
501.51
507.24
494.84
493.07
510.29
501.65
498.65
497.33
498.31
505.24
503.32
502.31
506.38
501.51
500.42
498.74
508.38
507.68
510.78
497.08
504.94
489.88
499.24
506.36
492.44
494.47
496.08
496.23
503.81
499.96
509.77
505.45
498
494.93
504.02
494.27
507.74
489.12
492.65
494.92
495.97
498.1
494.35
496.13
498.07
500.86
502.23
501.05
497.68
490.59
508.91
502.72
499.82
498.68
500.37
500.17
491.91
500.72
502.71
499.47
495.49
500.81
496.27
497.95
510.71
494.73
503.72
499.02
502.99
495.44
492.35
502.17
506.37
503.29
487.58
507.91
506.28
502.65
495.48
498.14
502.42
500.32
497.1
502.73
496.89
508.17
494.4
503.45
496.57
502.91
495.64
499.77
498.84
504.4
502.92
497.91
506.67
497.06
501.61
498.14
493.27
502.56
496.34
499.35
511.63
498.01
496.5
497.48
495.12
490.72
501.09
503.77
507.73
500.76
496.63
493.96
500.23
502.21
504.68
504.28
499.08
501.35
499.15
501.14
501.59
506.26
498.16
501.74
491.05
504.65
497.98
501.22
501.79
505.83
497.57
503.05
500.64
497.94
499.89
500.21
499.11
491.94
497.74
500.38
496.79
497.05
501.53
503.42
498.19
502.76
503.27
497.94
509.08
496.27
506.63
502.29
496.83
502.86
493.54
509.85
497.56
504.93
496.48
507.76
501.11
501.88
503.69
493.12
495.53
490.93
506.93
501.95
501.48
495.56
502.55
511.45
496.93
494.98
499.96
498.06
494.1
495.94
497.88
501.86
505.35
504.03
506.53
498.48
493.48
496.56
505.1
497.38
496.64
506.24
492.83
502.94
504.61
497.86
502.86
494.07
501.72
514.02
498.95
492.21
496.42
498.31
500.65
496.39
500.53
503.47
494.68
498.33
500.22
508.85
502.18
489.06
495.8
493.87
496.98
495.37
491.57
501.77
490.8
493.44
506.05
503.31
499.57
506.76
498.47
501.54
502.98
495.94
492.74
502.08
498.92
502.48
503.93
503.43
507.28
497.82
501.52
501.01
504.31
496.96
503.48
501.97
504.32
491.65
498.76
502.59
504.18
502.34
500.4
503.83
502.66
507.45
505.63
493.62
500
503.23
497.32
499.48
493.35
513.34
498.74
505.69
507.71
506.18
499.98
504.28
503.68
489.69
501.47
499.56
505.63
488.48
503.51
498.31
507.17
503.72
498.33
505.03
501.68
504.32
496.8
502.95
501.69
504.98
492.14
498.78
504.78
499.43
496.22
495.58
494.06
502.52
496.99
493.38
501.49
502.37
497.08
500.76
499.06
491.84
498.58
493.49
492.89
498.08
498.25
500.44
491.5
492.88
496.56
503.12
506.08
501.69
503.79
504.65
502.24
496.65
511.12
500.63
494.64
499.94
503.96
486.5
496.92
500.01
497.68
507.66
499.82
503.9
495.89
504.57
502.24
497.73
499.56
503.1
490.3
495.86
502.51
505.61
494.06
509.72
510.67
499.16
491.63
499.91
492.58
508.39
503.97
501.05
499.48
512.68
492.02
501.58
499.95
502.26
496.41
502.17
494.42
499.37
494.53
499.2
502.14
500.68
497.2
502.19
496.64
491.43
500.13
506.41
495.85
500.08
493.44
500.99
496.33
509.31
500.29
491.26
509.58
498.07
494.03
496.81
498.91
502.23
501.7
498.1
499.5
492.91
497.29
505.6
501.34
507.86
499.3
494.46
497.38
497.46
495.78
499.13
499.89
501.87
496.13
502.09
506.19
501.83
502.23
494.15
497.73
491.84
497.73
499.83
502.03
500.86
501.01
500.42
500.44
496.21
498.67
500.39
507.5
494.84
495.37
506.96
503.84
494.6
500.8
495.77
504.67
503.25
489.92
501.47
501.62
509.34
492.71
504.71
503.48
495.39
503.51
503.03
501.07
495.25
493.12
500.21
488.65
504.61
503.16
499.99
498.45
499.81
503.38
491.94
503.98
502.81
501.87
506.92
502.34
498.49
499.7
498.93
501.75
490.52
492.41
496.23
497.32
502.95
499.15
507.23
500.16
494.17
503.64
512.02
495.01
500.94
504.26
494.65
502.68
503.44
500.11
495.41
507.7
493.42
502.31
500.28
489.76
506.18
501
504.86
498
495.75
503.74
499.53
503.61
496.08
502.85
503.79
494.95
501.94
497.95
515.73
503.57
485.94
495.95
496.88
502.2
492.93
507.32
499.75
493.09
501.36
504.35
502.43
503.4
500.94
504.58
496.66
495.16
502.38
492.18
502.72
493.12
507.56
502.45
494.54
504.25
498.11
500.12
500.29
499.07
495.45
490.12
491.48
496.43
504.4
498.76
500.19
502.02
499.84
501.86
503.37
503.74
495.89
491.17
501.19
506
500.86
494.35
510.26
501.95
505.42
503.32
498.74
500.2
505.86
499.69
505.27
497.16
503.97
502.24
504.82
503.52
502.22
487.83
497.75
503.5
490.44
500.88
496.76
493.44
497.94
502.33
494.27
500.42
499.61
502.55
499.54
492.32
497.06
500.26
506.68
506.42
498.67
504.01
501.93
500.65
493.89
499.43
500.71
499.36
500.93
489.47
504.29
494.38
500.35
485.55
502.31
503.06
499.08
497.8
493.18
495.67
503.39
494.78
503.79
501.85
492.04
499.64
499.01
501.32
504.57
507.08
498.99
495.86
503.51
497.33
490.74
498.15
499.76
499.62
494.25
492.59
508.67
498.06
497.48
499.04
505.97
497.08
502.42
494.83
497.34
499.79
500.58
504.28
490.83
502.41
494.66
504.25
500.61
509.15
498.92
495.78
491.96
494.41
504.05
490.52
499.05
501.26
501.02
502.83
496.77
504.64
492.62
508.57
498.87
499.6
502.92
496.88
495.46
501.37
495.83
502.24
504.69
503.86
487.42
501.44
497.67
502.9
507.13
490.9
493.7
512.7
497.93
498.92
509.4
486.81
507.54
493.84
497.76
506.44
495.27
490.43
490.52
497.57
501.65
497.27
497.42
498.62
495.39
498.55
494.8
498.23
499.84
503.05
499.76
503.66
503.77
486.17
504.57
497.39
505.72
503.53
495.43
499.04
504.79
503.6
496.92
495.28
491.9
499.1
496.16
495.07
494.79
506.62
500.88
509.05
499.35
507.65
504.42
498.27
499.83
499.86
497.96
507.47
497.76
510.63
497.34
498.63
496.27
493.14
491.79
499.67
493.57
502.65
495.59
505.31
504.27
493.58
499.63
503.13
497.01
491.03
498.98
494.82
506.37
494.26
487.6
495.31
498.52
496.79
495.33
500.88
502.22
503.13
495.86
504.93
499.23
496.56
500.38
507.39
500.7
501.97
504.6
503.78
504.89
504.1
497.2
499.78
496.99
490.08
493.68
499.23
500.92
495.43
499.91
504.57
494.76
497.2
500.49
505.51
500.66
512.64
501.97
503.3
497.59
497.77
507.69
501.44
498.42
493.27
501.54
507.85
503.06
501.68
505.42
501.54
499.07
503.59
496.98
502.18
503.01
495.77
498.87
496.63
492.3
506.04
500.33
499.83
496.03
502.19
503.13
502.32
503.4
500.59
501.44
498.25
497.9
499.54
499.94
490.73
498.63
502.92
494.53
507.82
505.44
503.58
504.25
495.46
493.17
501.7
498.65
495.14
500.86
499.04
504.11
495.75
504.61
500.73
500.85
502.97
502.19
498.19
500.65
494.37
496.27
501.97
497.7
495.7
503.55
503.57
497.83
493.45
491.3
499.64
502.37
498.65
484.85
502.22
499.91
505.23
502.08
501.33
497.77
495.68
497.57
504.12
496.67
502.51
494.6
498.67
502.24
500.6
496.24
500.24
497.46
499.61
509.06
494.16
506.69
496.64
505.8
501.53
505.27
491.67
493.16
505.29
503.4
495.06
498.85
493.66
499.79
497.85
505.19
499.82
502.96
494.91
504.09
505.6
497.4
488.12
494.2
494.05
507.54
499.17
498.33
503.04
505.6
501.56
501.86
495.78
498.39
501.33
494.25
494.55
498.57
495.97
493.33
503.26
498.49
506.68
503.71
499.35
504.05
486.98
505.83
490.49
498.42
501.43
489.38
493.38
499.81
493.16
502.83
495.76
501.73
500.51
502.51
495.97
490.82
497.09
499.43
498.48
504.18
492.25
509.02
498.11
503.91
499.93
498.22
495.95
499.09
496.13
500.83
497.79
503.17
500.57
490.1
497.47
499.55
489.88
498.95
502.51
494.09
502.47
496
501.45
493.45
496.13
504.94
495.61
498.18
496.37
497.03
501.08
503.58
504.8
505.46
499.7
505.18
502.95
498.32
508.59
503.08
503.8
502.81
499.18
502.83
500.49
503.43
498.67
505
497.02
495.3
494.88
494.57
505.89
495.36
495.46
504.76
498.43
499.99
501.84
496.3
507.65
503.48
494.61
497.69
494.89
504.67
489.67
504.25
497.86
493.84
503.96
496.53
503.04
507.01
512.18
500.47
498.33
493.63
495.8
502.42
503.5
501.82
503.24
490.62
500.43
498.9
508.21
507.91
505.26
496.19
500.26
492.39
497.64
502.36
512.54
496.81
498.2
496.79
503.88
502.68
499.6
497.18
500.08
494.21
499.01
497.69
491.14
503.19
501.56
497.45
495.78
503.28
502.29
500.17
499.17
495.03
501.45
498
502.56
493.86
508.18
499.33
503.17
505.57
505.01
502.33
505.75
495.21
507.73
499.74
499.82
496.01
505.7
510.65
505.3
494.91
501.25
501.96
507.46
492.18
499.7
501.47
499.36
495.35
504.94
502.79
494.8
504.24
493.24
496.94
503.36
498.45
500.65
499.22
496.14
493.86
500.71
509.49
500.25
498.16
497.62
484.65
503.61
509.48
495.21
495.28
498.5
495.14
496.82
501.04
493.64
502.57
500.02
495.37
496.47
503.76
501.82
498.23
495.39
504.82
498.59
505.9
493.1
498.54
495.73
499.88
497.5
489.52
509.44
494.55
506.26
491.99
495.26
501.06
497.27
492.12
502.79
507.49
499.18
499.37
503.2
493.08
504.99
498.5
503.95
504.26
499.38
505.99
501.49
501.09
496.23
496.27
504.49
506.09
490.45
504.99
495.73
502.04
498.31
503.81
501.73
501.39
496.63
502.13
499.46
491.9
502.27
504.37
492.12
494.98
494.98
500.96
494.74
492.55
505.53
497.5
498.02
498.95
494.33
495.9
493.08
499.45
493.32
496.05
495.59
492.73
489.81
500.67
506.69
492.52
504.86
500.25
500.03
498.99
504.12
499.34
496.15
503.99
506.14
501.82
500.76
507.34
496.08
503.16
497.92
506.98
510.59
506.42
507.97
495.65
500.93
507.53
497.38
494.44
499.21
512.58
497.33
499.21
493.22
491.37
497.87
496.77
497.42
499.93
505.96
506.43
505.97
501.54
495.72
500.85
505.82
496.53
506.52
500.14
490.17
501.04
503.26
498.49
500.58
496.94
502.68
503.79
499.63
498.96
505.45
485.98
500.58
492.76
505.57
503.02
502.04
503.13
496.56
498.61
496.58
499.09
498.18
497.99
507.51
501.35
499.88
503.32
500.23
501.94
504.3
493.21
499.73
500.2
500.76
504.42
503.38
497.75
494.19
494.16
505.86
502.25
506.51
504.7
497.63
505.65
502.94
500.06
505.55
500.7
500.78
502.05
498.16
498.32
507.54
498.6
507.63
510.77
504.73
500.54
513.75
503.3
500.47
503.5
499.79
499.53
497.82
495.26
505.73
498.34
495.28
499.39
502.63
507.85
489.36
506.89
495.28
501.58
505.87
503.99
499.81
507.27
500.37
508.32
497.35
491.92
505.77
495.7
498.67
505.56
499.54
507.09
492.7
493.84
498.56
496.32
505.17
486.95
505.18
502.89
495.91
494.91
494.9
493.66
500.04
490
499.51
496.22
496.18
501.33
495.65
494.56
504.37
494.96
508.57
502.6
497.28
498.91
498.21
496.16
493.95
489
504.48
495.96
507.01
503.45
499.44
500.18
501.22
498.39
497.74
494.94
489.22
502.51
502.87
501.49
496.57
507.39
492.82
505.33
508.86
501.4
503.85
499.81
510.3
503.01
501.15
493.61
489.79
498.76
501.11
492.6
493.89
503.12
497.25
496.74
495.66
501.06
499.75
500.36
502.39
499.93
505.22
501.72
497.28
499.17
504.56
500.71
494.01
501.05
487.01
497.28
508.07
502.51
495.61
495.43
501.98
494.04
493.2
498.17
498.63
501.41
502.94
502.02
500.04
494.32
500.44
494.72
500.12
493.66
505.48
494.5
493.86
499.7
496.07
500.31
496.57
496.42
500.27
501.6
497.7
500.84
495.94
503.69
487.36
507.23
499.44
501.5
496.69
504.91
491.62
497.33
498.76
492.73
500.1
491.23
500.49
506.89
502.04
507.18
497.98
497.18
506.97
498.25
497.93
506.9
501.98
498.16
502.99
496.88
500.75
508.18
505.96
497.24
505.01
504.93
502.7
498.34
499.03
499.84
502.64
505.76
500.96
501.68
500.35
501.51
494.98
500.57
503.67
496.35
504.04
497.54
502.97
492.21
496.79
491.28
503.81
504.17
495.06
501
495.57
490.87
488.84
502.14
512.63
494.9
506.06
497.62
496.42
500.25
499.5
498.47
499.22
505.37
511.15
505.76
505.39
503.11
502.43
498.43
512.83
498.19
504.98
501.24
508.66
504.37
500.95
510.08
499.18
498.21
501.23
501.37
499.87
491.2
509.99
494.03
496.32
510.23
507.29
496.67
495.49
497.41
503.35
500.39
506.43
501.18
503.16
495.46
502.15
499.77
504.57
505.54
499.22
501.59
499.05
507.7
497.25
504.87
495.2
496.18
493.15
502.08
494.69
492.64
502.8
499.1
496.15
496.44
500.28
492.83
490.77
503.19
501.68
495.77
497.68
503.5
498.81
496.19
509.83
508.3
502.05
502.29
511.97
494.69
507.75
504.61
497.1
498.99
496.95
501.14
496.43
494.11
493.99
497.85
492.81
503.44
492.43
498.55
501.16
504.01
497
501.82
493.96
499.26
504.55
489.26
500.22
495.36
503.86
503.58
500.6
504.65
499.96
501.16
507.43
500.88
507.23
502.15
505.48
508.35
500.97
503.4
505.37
499.83
502.27
503.69
494.7
504.07
495.68
511.12
504.82
503.16
503.55
495.88
493.59
497.18
500.28
499.74
506.24
499.46
503.4
498.46
502.04
500.67
498.88
494.88
501.77
500.73
492.79
502
491.85
500.83
504.88
501.59
499.04
503.4
500.19
505.8
486.21
504.44
497.29
502.35
492.13
502.06
491.99
495.45
508.67
497.45
501.58
498.25
497.76
500.25
501.56
490.75
497.21
512.77
504.34
500.66
499.59
505.2
501.13
501.79
500.38
491.7
500.16
500.23
505.05
499.13
498.41
511.4
504.58
498.55
497.86
505.45
505.28
498.83
496.43
500.95
500.86
500.12
497.89
501.7
489.78
505.56
504.37
496.07
505.92
499.95
506.69
508.63
505.1
499.5
501.33
503.5
501.47
496.63
501.68
501.87
509.2
501.19
494.31
502.59
504.82
497.4
504.48
496.62
500.71
501.54
505.53
493.4
503.35
494.49
506.5
497.24
503.93
503.42
502.89
499.37
502.6
496.78
499.67
501.97
504.95
495.93
495.77
499.9
504.2
504.02
507.13
488.82
487.13
505.77
505.66
494.85
493.92
506.68
493.11
494.05
492.81
509.57
497.44
498.98
508.17
498.02
507.74
504.55
504.39
509.44
497
503.94
497.73
502.33
504.06
499.05
498.84
501.9
503.94
496.28
504.02
496.44
510.07
498.54
496.84
497.59
506.06
507
499.34
493.86
496.08
503.55
505.55
495.91
502.39
501.91
501.38
504.29
508.1
500.94
507.1
503.01
503.71
499.38
501.71
493.72
502.34
502.37
504.15
493.62
504.63
507.91
512.68
493.92
499.53
510.61
494.03
501.9
499.85
499.52
501.63
494.48
500.92
502.61
501.12
501.08
502.75
506.25
497.28
508.15
491.71
500.71
489.96
503.48
496.69
494.88
498.2
499.06
491.55
494.61
495.27
499.83
507.12
495.45
492.27
493.17
508.88
497.8
504.52
504.03
503.52
500.81
502.38
507.73
502.56
502.75
498.64
501.62
499.62
497.27
499.6
501.24
500.25
496.2
503.08
494.86
492.16
499.53
499.97
499.48
506.31
504.99
502.55
500.11
502.8
507.44
504.59
491.71
505.53
492.82
491.53
514.21
496.38
496.69
502.39
505.35
502.51
499.01
493.54
495.96
503.38
507.14
502.61
501.18
501.11
507.31
500.98
498.47
496.66
504.48
494.99
500.38
501.69
502.12
495.59
489.49
499.84
499.54
496.98
494.6
501.37
494.4
503.12
487.55
500.78
494.47
506.49
496.04
498.18
499.33
499.14
499.57
499.53
505.52
497.33
502.83
511.41
507.8
498.96
500.44
495.92
508.68
498.6
507.34
499.29
500.13
496.63
508
504.76
504.5
493.49
496
500.66
494.27
494.37
485.87
505.77
502.56
492.92
510.68
493.63
500.55
499.16
507.24
505.52
495.57
496.41
506.89
498.47
516.32
497.74
503.23
489.69
497.38
502.87
498.92
493.79
501.31
494.53
499.73
501.22
492.89
506.15
507.07
503.13
491.24
509.02
499.26
495.39
501.42
501.44
492.9
494.04
498.69
489.16
501.44
501.16
499.11
499.71
498.34
510.03
488.03
499.49
505.23
497.52
509.41
504.05
496.63
499.12
498.47
495.63
498.66
503.55
496.34
494.62
493.64
496.24
508.11
498.82
499.84
497.28
496.6
484.17
503.32
504.75
502.97
500.06
505.66
504.43
497.29
506.62
503.52
496.2
500.47
503.44
494.7
509.97
500.04
499.06
508.32
500.4
503.17
497.31
503.45
501.72
499.01
497.05
492.12
489.01
498.14
488.9
486.82
498.18
494.43
495.05
504.84
494.83
507.03
499.82
491.79
504.62
497.26
498.95
498.52
494.28
513.33
493.14
496.75
496.71
499.93
496.48
503.45
497.04
497.15
503.3
495.86
499.82
494.01
491.87
493.94
502.86
494.79
501.48
498.6
499.39
494.1
496.7
509.5
499.28
495.33
502.48
506.06
506.69
486.35
499.07
504.83
498.55
501.07
499.93
493.45
493.02
497.01
499.66
490.76
501.03
511.97
500.88
498.51
502.16
501.46
501.39
496.54
502.95
499.19
502.56
503.8
491.81
494.28
504.79
494.31
506.74
502.51
496.99
498.91
498.2
503.14
506.01
505.33
502.16
495.26
498.09
501.81
491.87
501.32
501.24
500.78
491.28
501.59
498.58
500.76
507.12
496.42
494.03
489.15
502.63
493.07
502.69
497.74
496.25
500.05
502.67
500.51
498.45
507.15
496.39
496.55
503.48
502.62
501.81
506.43
499.81
504.02
498.82
496.01
491.41
501.93
495.84
497.84
492.29
500.65
497.55
500.32
500.44
503.73
501.19
502.02
503.72
505.17
505.68
509.05
501.7
491.07
517.18
507.67
502.32
509.14
503.28
497.25
505.11
507.7
493.1
502.53
497.29
498.19
502.93
502.02
491.58
497.44
500.74
505.14
495.16
496.1
496.07
504.08
504.33
503.88
496.4
500.6
496.26
496.31
503.93
506.28
500.13
501.17
498.21
500.53
507.9
500.8
503.16
504.67
507.5
495.69
499.35
498.98
508.98
499.58
499.85
493.99
496.96
501.18
496.6
504.06
499.9
500.92
498.09
495.59
496.55
496.69
504.14
504.59
502.87
499.09
501.17
505.23
501.49
509.94
498.65
500.22
501.13
490.91
508.51
500.05
501.54
503.7
499.65
501.38
506.51
508.66
501.37
503.96
497.04
508.44
498.98
494.41
507.66
502.72
497.16
504.07
495.98
490.98
505.61
504.62
508.06
493.93
495.72
495.57
496.59
500.67
500.35
493.77
491.99
498.25
489.2
492.57
493.63
497.95
494.17
490.17
503.45
499.44
494.82
505.4
497.06
498.86
496.55
497.45
506.32
495.22
500.41
496.84
496.33
492.95
499.9
501.33
505.19
495.08
498.6
504.79
503.82
491.18
494.89
503.34
503.67
504.02
492.88
505.28
497.03
504.28
503.34
497.47
498.82
496.33
499.47
501.08
497.92
502.79
497.19
504.45
500.39
496.4
505.91
506.31
489.61
493.31
506.88
505.94
497.42
499.6
507.15
496.23
497.83
507.52
494.68
499.68
500.27
487.62
507.49
501.78
498.25
492.93
507.05
507.37
498.78
499.87
501.59
495.66
503.61
506.2
502.09
497.28
488.7
501.64
494.59
503.28
501.46
505.34
495.82
499.56
505.9
501.97
498.97
505.92
506.43
499.29
506.1
502.53
498.55
497.16
496.95
496.37
508.79
506.01
506.49
502.45
506.1
504.45
492.83
489.05
497.67
500.04
506.06
492.38
498.73
503.02
499.91
502.32
499.83
499.23
503.01
494.51
497.05
495.53
501.82
498.22
502.73
495.58
496.27
499.78
502.41
496.35
504.86
497.21
505.98
499.13
492.5
495.57
503.69
492.75
502.77
502.79
490.28
494.46
490.38
502.17
502.45
504.05
494.69
500.31
501.38
505.41
506.74
498.81
494.17
494.54
496.12
495.98
495.13
508.18
489.26
500.64
505.96
499.52
490.91
503.11
498.68
504.04
506.26
502.34
499.34
496.33
497.98
498.14
498.61
507.46
500.75
500.69
499.59
502.53
501.23
487.47
503.45
511.62
498
500.27
496.24
508.19
507.83
508.89
497.19
497.19
499.84
504.4
505.07
506.79
501.5
501.05
506.33
502.64
500.2
498.49
499.74
503.36
498.33
504.62
501.66
500.76
500.9
506.9
499.88
495.35
503.26
496.69
508.33
493.31
497.21
512.35
507.97
498.34
498.78
500.75
503.31
503.43
504.68
500.81
502.75
498.19
509.24
500.34
499.2
510.08
488.93
506.89
500.97
497.45
496.12
500.34
505.73
501.62
498.14
494.38
500.57
505.48
502.66
497.07
503.33
500.57
492.86
499.11
495.42
509.06
500.01
494.85
497.33
497.57
502
498.67
501.07
499.52
498.78
501.37
499.91
498.88
489.65
501.85
500.7
504.22
504.47
506.55
497.08
494.43
493.91
504.21
496.8
498.75
499.74
499.78
497.65
498.68
495.62
504.23
497.49
501.86
497.73
498.11
503.27
505.21
501.1
501.77
499.46
501.1
500.72
503.31
510.28
500.42
500.04
499.55
494.18
499.26
505.37
501.21
506.7
496.61
510.09
503.82
497.86
501.53
503.7
507.52
498.94
497.54
507.31
501.75
493.5
492.35
498.06
502.57
502.38
499.68
502.83
498.78
507.97
505.39
504.17
495.31
502.49
492.79
494.72
500.78
500.86
494.79
507.42
495.58
498.16
504.12
508.23
506.96
504.08
504.53
501.82
493.7
504.79
496.31
497.84
486.52
509.48
496.2
490.39
499.78
504.95
500.12
494.46
497.58
505.11
510.92
500.36
499.53
508.53
501.42
500.26
496.37
510.17
511.35
498.72
490.49
505.12
504.23
504.61
500.97
499.78
496.27
497.63
496.95
496.94
500.87
508.36
501.35
510.74
500.65
494.89
507.91
495.33
500.01
501.88
496.29
499.39
495.3
502.34
505.72
503.39
510.34
496.26
494.19
499.75
500.68
496.88
501.97
499.9
501.09
493.72
491.34
504.79
500.59
497.88
501.81
496.19
496.73
495.26
498.33
495.62
498.99
501.01
491.8
496.06
500.48
493.22
498.09
496.6
497.23
504.67
502.05
508.6
508.66
507.19
498.34
500.31
501.01
497.46
492.18
499.97
495.62
501.08
496.37
492.63
501.66
503.22
502.52
510.8
496.53
499.97
510.32
503.82
500.39
494.55
502.71
509.69
499.68
509.42
496.34
501.97
496.74
498.87
497.25
498.15
496.68
493.96
502.32
499.05
495.88
499.91
499.97
500.72
504.31
500.1
501.12
500.07
495.19
493.48
498.59
498.78
499.35
495.44
499.85
498.04
506.84
501.12
494.73
497.23
500.01
499.18
492.31
499.4
501.76
500.59
501.07
493.95
504.02
506.83
501.68
492.78
502.94
497.76
510.83
502.01
507.6
493.98
502.36
503.35
500.41
508.05
496.2
496.59
500.17
504.1
498.28
507.09
510.16
492.16
502.35
505.97
500.41
511.38
499.54
508.12
487.92
503.18
501.19
504.37
500.92
503.24
499.39
500.58
504.12
495.19
502.85
497.68
499.76
502.4
499.44
500.15
502.16
500.33
503.19
503.65
496.26
495.25
496.85
507.08
503.57
507.22
497.85
502.28
501.15
505.15
485.74
500.88
484.44
492.98
505.78
495.4
494.2
490.22
506.94
504.86
488.77
501.98
492.27
494.34
501.39
505.56
505.71
495.2
511.38
504.42
497.71
501.88
495.34
498.42
497.54
493.94
501.4
500.68
504.26
501.27
503.58
496.65
499.01
504.37
502.16
503.04
496.56
500.96
504.28
499.56
502.03
505.04
502.36
498.44
504.1
497.15
492.75
501.22
504.72
507.46
500.86
505.93
505.17
495.44
495.9
494.07
495.11
502.06
491.88
496.46
496.92
505.83
497.52
497.27
511.01
504.11
501.11
501.25
498.18
500.97
493.04
497.97
504.11
504.61
508.59
498.36
503.81
499.38
496.83
504.62
503.88
502.82
510.76
498.51
507.77
493.87
499.33
492.83
494.12
497.77
507.33
490.54
496.38
501.22
496.18
501.19
497.85
510.24
501.63
507.32
500.86
501.51
498.73
502.53
493.98
499.17
494.42
501.87
512.22
498.91
506.35
498.52
503.62
506.06
500.48
499.16
495.39
498.75
500.34
500.69
499.93
503.56
506.54
495.63
500.7
496.04
495.71
500.07
495.97
500.97
504.82
501.88
502.08
485.73
497.5
503.35
491.43
494.49
502.65
497.61
503.33
496.15
499.35
504.58
502.52
500.26
491.95
497.62
497.48
502.86
509.02
495.21
506.58
501.77
507.04
489.73
504.98
501.05
508.82
496.15
490.23
493.03
502.23
499.96
491.65
496.55
493.12
498.66
502.04
494.16
507.53
502.55
500.75
495.68
504.84
495.36
510.32
503.16
499.87
496.06
499.45
505.37
506.11
498.5
503.73
497.37
502.17
501.86
502.18
497.09
502.83
500.81
495.66
515.19
497.62
514.39
494.67
496.04
497.1
491.93
498.59
506.37
495.45
499.95
504.72
496.41
504.34
492.26
494.49
498.73
496.84
506.35
495.93
507.63
503
505.47
494.02
503.42
510.25
503.41
500.66
500.83
510.99
508.28
498.74
496.93
492.62
501.55
493.84
497.18
499.31
499.12
493.13
507.89
498.78
503.11
496.3
507.56
502.75
498.55
494.47
506.94
497.81
501.97
502.34
502.81
501.7
494.33
505.14
501.67
504.53
504.42
504.57
503.28
499.86
500.25
498.57
518.56
498.79
497.57
496.61
498.54
501.67
495.43
499.72
504.36
502.63
499.44
503.97
492.77
502.61
500.78
501.91
492.94
501.21
499.06
495.85
494.12
494.95
498.65
500.91
500.69
504.83
495.54
495.83
504.31
493.07
494.87
502.01
506.49
500.96
501.75
498.44
492.79
495.59
499.67
497.12
497.02
502.77
503.99
488.27
496.01
499.91
493.85
502.4
496.72
499.35
496.74
495.13
502.89
503.69
499.02
493.57
502.46
499.46
507.04
501.73
504.67
499.01
495.33
495.33
489.77
500.74
500.78
501.71
499.66
505.94
493.08
500.35
502.25
492.3
507.68
504.78
501.67
497.25
495.04
511.32
500.58
510.77
500.81
495.52
503.45
498.6
500.1
506.94
491.66
505.1
500.94
499.81
500.87
502.44
490.67
503.44
506.36
504.28
499.93
498.84
498.9
503.58
495.29
504.61
499.27
504.19
503.65
500.13
489.63
502.3
495.49
494.79
499.75
502.13
496.19
494.47
502.04
496.29
493.11
487.92
503.84
500.58
492.41
511.3
497.05
499.05
491.32
505.89
501.05
500.91
491.77
498.3
495.72
498.83
499.66
489.01
496.04
504.03
499.66
506.34
513.91
493.55
496.09
494.74
503.22
496.75
504.63
496.47
485.02
500.06
513.27
493.13
503.49
507.38
500.92
501.13
494.14
496.09
497.48
502.28
514.09
507.51
503.87
501.85
503.04
500.35
501.55
495.95
497.05
497.21
498.9
496.1
491.47
499.61
498.23
502.11
500.71
496.15
494.99
498.17
496.46
504.42
505.28
498.01
506.56
509.1
504.15
508.52
490.56
494.95
498.6
495.97
496.18
495.73
505.81
492.87
493.63
494.65
495.54
500.2
502.62
504.13
503.19
506.79
496.14
498.07
492.53
498.82
496.52
506.77
501.06
496.01
505.85
501.39
504.43
507.49
501.94
505.56
505.31
491.43
498.79
506.62
505.91
494.55
503.88
506.06
504.43
496.5
499.33
506.05
507.98
505.79
504.02
497.1
494.22
504.46
492.54
503.22
507.51
496.19
504.97
504.74
496.75
503.28
500.47
498.34
501.89
503.24
498.6
500.17
506
505.61
487.54
502.06
498.57
500.5
499.51
489.2
499.93
497.4
495.01
496.57
500.65
502.98
500.86
492.79
504.16
504.89
506.78
510.58
502.74
501.85
503.73
509.57
503.28
488.89
497.37
502.07
497.26
493.82
503.52
503.61
497.15
502.92
502.41
497.3
497.14
501.02
499.54
495.46
502.54
504.61
505.75
503.05
497.46
498.33
497.26
504.01
499.92
506.21
498.2
501.67
503.79
490.93
499.49
503.5
501.51
508.02
505.61
502.99
503.57
505.34
502.8
502.4
495.97
506.76
503.28
504.53
513.27
499.34
501.73
495.85
501.39
498.24
503.64
506.33
502.05
498.68
494.65
501.86
494.1
491.54
499.94
499.74
505.69
499.4
497.1
503.27
497.09
497.26
493.28
496.61
509.74
502.56
496.73
501.68
493.86
503.98
493.88
499.1
493.1
500.89
494.57
498.8
503.55
503.79
503.75
502.6
494.93
506.25
511
505.21
502.6
494.22
503.39
498.48
508.24
503.46
503.01
498.21
496.85
498.88
494.53
499.37
495.69
493.06
499.02
501.04
502.34
501.73
509.05
497.62
501.89
496.36
488.39
501.43
493.26
497.86
497.19
501.43
500.75
505.26
506.21
501.02
500.76
506.3
502.44
499.53
506.28
506.76
509.11
502.36
506.93
498.4
506.19
499.61
501.79
501.77
502.15
505.82
498.06
484.96
509.17
505.96
493.89
497.12
492
496.54
496.59
502.12
493.89
506.99
496.15
492.15
498.93
498.4
503.75
497.79
498.54
506.26
508.56
502.19
503.75
502.63
502.58
491.96
499.69
495.23
495.86
495.92
497.5
494.88
509.04
510.6
499
501.86
497.23
504.29
497.43
500.27
485.92
505.67
512.49
502.41
508.84
505.29
494.52
498.26
504.17
506.67
507.47
490.68
500.53
496.72
499.8
490.58
502.42
490.87
507.11
496.6
500.37
504.73
500.93
490.93
499.59
499.18
509.28
503.79
495.46
496
497.07
510.15
500.68
506.65
503.12
496.56
499.11
492.16
495.78
505.9
500.21
510.15
510.9
509.65
501.11
500.38
496.67
502.84
502.78
502.19
503.07
502.08
495.33
496.68
503.15
497.28
505.49
498.18
500.92
508.62
497.75
495.58
495.09
500.51
502.55
498.75
501.78
507.15
506.78
502.43
500.17
494.53
509.24
507.05
497.21
501.26
504.96
497.11
504.65
507.81
505.8
504.3
507.59
499.13
499.04
495.54
500.94
500.04
499.62
498.89
505.24
493.53
505.54
500.97
493.81
498.56
506.6
515.48
503.37
491.62
497.23
492.89
505.31
490.6
500.89
500.49
495.56
501.58
490.22
492.5
507.71
498.43
505.12
499.56
503.96
501.7
495.67
498.55
497.52
500.03
487.23
508.48
502.17
493.99
497.18
497.49
495.44
499.8
503.28
510.91
503.13
491.99
496.86
501.64
502.85
493.48
505.52
488.44
505.07
505.84
500.73
505.92
503.74
500.82
504.23
499.04
499
492.95
495.36
493.71
495.63
507.34
500.06
494.42
498.36
505.72
491.53
501.27
498.48
506.65
505.78
493.15
490.7
500.09
499.79
499.51
499.34
500.76
511.29
497.1
502.83
495.99
498.38
498.47
492.43
497.58
502.65
498.35
493.39
497.98
500.04
500.08
494.63
497.28
507.84
498.94
505.58
493.57
501.59
492.76
498.03
496.51
502.7
511.15
500.65
510.75
496.36
496.02
501.31
497.06
502.33
501.12
503.86
494.94
505.47
491.82
499.68
500.77
494.94
504.81
494.93
496.57
498.29
504.52
500.84
503.11
500.05
496.82
494.69
504.88
491.94
510.12
505.77
506.41
494.71
502.4
491.71
492.4
504.31
502.37
500.12
496.57
504.4
513.12
500.1
498.04
498.1
493.35
492.62
495.54
503.1
507.2
497.65
497.37
500.06
505.41
496.41
491.25
499.03
494.78
489.87
502.39
506.37
493.17
491.99
504.06
506.49
512.06
498.49
506.1
500.7
503.27
500.86
491.47
507.54
506.38
495.79
502.43
505.52
496.38
498.78
503.55
499.95
499.2
494.22
500.37
501.83
500.13
492.82
496.65
508.81
498.24
497.64
503.8
493.61
495.15
494.41
506.71
492.41
494.6
509.5
508.29
497.78
495.01
502.82
505.22
501.33
500.39
505.48
496.32
494.57
500.47
493.56
490.53
502.35
499.97
500.24
499.34
495.67
501.21
500.92
493.27
494.58
493.66
490.4
492.7
500.85
495.78
491.39
509.02
497.89
502.08
505.43
499.24
499.21
496.06
493.39
502.5
494.89
497.19
496.01
505.78
499.16
504.4
498.2
504.88
511.78
497.93
498.13
510.43
494.14
496.5
494.71
493.38
497.95
497.5
502.89
493.63
500.33
498.66
491.79
492.47
497.38
497.8
505.3
501.27
505.05
500.07
504.8
493.91
506.56
499.18
493.69
497.6
498.23
502.79
500.86
490.77
509.37
504.84
503.43
494.81
496.68
503.57
504.04
494.37
501.23
494.23
505.6
498.42
501.37
504.46
504.53
503.74
496.13
495.36
511.07
501.88
494.02
503.06
497.97
502.85
493.55
500.32
496.43
497.81
508.79
503.24
501.9
499.19
501.71
501.86
509.63
506.66
496.99
505.27
500.87
498.69
500.37
498.24
506.46
503.78
500.92
506.54
498.72
500.16
500.17
499.63
503.39
499.7
504.32
499.29
496.41
506.21
503.27
501.13
502.28
496.25
499.5
494.07
499.74
500.11
499.99
503.59
501.25
493.75
500.91
504.67
496.76
505.63
499.89
506.46
502.83
502.14
497.63
501.3
494.07
500.37
497.61
497.15
510.13
498.85
496.16
499.35
496.49
503.84
502.47
487.86
500.06
498.67
500.06
499.37
502.49
501.47
505.72
499.35
498.87
494.71
503.55
502.74
490.8
509.59
500.92
496.77
503.47
505
492.05
498.6
499.19
502.74
506.09
499.29
500.44
501.06
499.22
498.73
498.67
498.55
511.65
498.71
496.56
494.87
494.35
495.24
491.21
507.19
493.52
497.55
499.72
502.82
488.15
497.57
498.31
496.6
498.76
487.33
495.58
499.78
494.4
505.16
497.66
496.9
501.13
505.54
506.19
495.63
498.39
492.61
500.2
510.07
506.33
497.48
497.32
498.34
491.63
507.25
501.61
491.85
494.82
495.83
500.04
490.8
505.37
505.43
506.25
500.25
494.9
501.07
508.84
505.33
496.04
500.11
498.68
497.58
492.93
500.88
498.04
509.1
501.12
502.57
498.41
499.98
499.55
503.34
509.04
495.26
498.1
503.18
489.56
502.08
491.95
504.39
499.95
499.79
493.15
491.84
495.74
493.56
500.46
507.89
504.02
501.35
508.12
505.93
505.01
497.27
501.5
511.12
504.74
487.64
494.49
500.46
510.25
498.89
507.92
492.6
495.18
504.09
500.9
497.25
507.03
491.5
503.34
491.9
508.63
503.2
510.91
497.13
491.72
497.26
501.79
497.29
499.82
496.22
499.76
508.18
496.21
497.91
490.15
501.77
498.16
496.51
500.47
493.37
501.32
508.72
511.75
490.11
491.29
501.19
495.34
487.83
505.54
503.3
495.93
495.82
490.67
491.36
501.63
495.78
499.1
504.78
494.39
503.29
495.03
495.83
500.69
499.75
506.6
501.73
496.79
499.69
503.77
500.45
499.8
502.49
504.35
493.31
500.87
496.33
494.2
499.48
496.76
487.74
503.53
500.02
498.91
497.7
500.99
494.5
506.31
492.05
503.28
498.6
505.25
504.42
